$ANSIBLE_VAULT;1.1;AES256
65313232356635303831353138613532643231363563663137326666303761393935313032393134
3038333133373064366131356132633935313764333962310a333465343739356136376562323138
30363332323634333239393339613139653938666534366639623532363461306163323039643236
3731376164653662620a303633346438386330356436316662626635343733393035336462306634
66613666363661323861656461663931656530366535393738323134323437313231616538323537
61353164373737336134663064616365353932653237623030386239663563346332343433306430
66353739363734303462356131646665653363363264376264646261323765343434643462313233
63646239326466613337633935303333663766333466303865663038373066626666366463623663
31653766643931386639663465343362656533356230383866353436633061333830303936366262
39386230666361333436613262393433373864356434323435303361346561383334383632666431
65353063623163636133653562646530343566376661326139306437623235613236323135623261
39366631366531613437623633393136636632356532396434623939613330333566343965313439
65626237643432306634623539326237343465343161333435626438383464356139643233343037
33336431326537373338313862373531353162626532366134393037346138353832653163623537
36393865386365653266353765646462333764373165333431306266643834626566363265343935
65343437313732653831616663333637346337336132653437313464613933663434616633643766
64633332303430333533343237366561393037636661633137326132643430353538646633623861
35343630666539633630363561616539663661653963373539633239356135643438386133636239
66393763643866613366383263616662356165623233666230656163633337636461363131393465
34396662353734383530633730316165383133363565303866323966626636613532366137316235
37666264383933663333363631366666616162623736653962616666383030336635633930643766
36616561373237626638353535313839363336346132323631323232326534643234333166313633
33306161663438616639303762643536313639373631303631613436313564613838366163653435
65363735326630626330666364616362383437636165316264373031336233626464366536303062
35323335303539323439633566303834653430666336336164623338663439366365376364346537
30303830363737383735343839313239333639363765363764636135306134663634316264653630
63643166663564343638363464323062653139393461326463343839346464383935376665363366
39346536653432353064396131326631333934353635363765616633333230313466643665376132
33646263613833393638656438653863623139303738663130323664303531346432333835333034
62353037623236363036323331336338386638366166633962366536373863396632363334313064
37323330623937306531646237386463313932643831396266353530363266643832333839346539
39623230393533343762383936376633626233343765613466343238306236383766373333386662
32643266373437323635333063616565663533363761323532623435613230383566656264623239
31343964343762336430376366633030613736663561643132663665303637643330336334336230
36353063373432636238313939356535383061393461303365303737303966303661306238633866
65666437323132343561323136643534326461306161346239663433323832653034653730656663
37343231343263383564356132313664363832656636323635636462613463323137363033316336
63323363356433366435306130323766323438626235646239636236363533376532363262633830
31633166326337303965653733323532333033643635363433396263396431643230643839333236
34623130623766623532366262653838616466336630376565636430373366643564376665616434
38303261333933306532306265343233346466396534366232666134613239323632643231353435
64396639353061386165636365636636623034303535393465653766323837373964373161386161
64616264613330303264353338643631653736313565376665313434626666653064633037383339
38356265656162616534616234386565393365636337386437393931376563373233313932343036
62613062343566336533373430616631653636666438383438393536643335343830353333613861
66343930656664316261623431653064303266636230353139396437366239313535376139366263
33313263333066386238633033363033613535323138333533336339393564643134633330643432
37346166326438626235373039313439303933303264623034633437613866336230316430323531
65353235623462633966323436653731656339363365323761653265386533356232393963643936
38396136663966633065316435663231623236633632326135663937646433366266373130323039
61656237643861363630656566643566396666303831326364326262643839363736323832626634
61653838373235346135313137613932333334653465666166303737623863373863656365323363
65656461353338383861613466666438373764343762383933313865666436656164383837343336
31623139323030303561333566646666363239343237663365396135323832613935663434353637
65346665373465353562633031383937303033656266303962333535343737326364613738626462
36333031336636383762383835356364373430343361306462343462646363633963346537326439
39623139313462386536393661373163373732396334663832666637333664643765376338663330
66326234623739316366366365656331393233303565373564306339306536646437313132316335
32343533316431393439383163353930316363393238383031346539623732666363343863306531
64303238643439333135373732383638306163343237326262626333636461373132383639663538
31323137323936343366356664613233353862363835633534646335303530353065333938313566
30343266623866336165346332383333313536623037613965333465646563356630626261373031
35396438613436373536363161343662613666386137386561646264383233313631323931306135
34633366366166363831666261383461353562623339623765666537343462326261336133323563
66343937646239313365346463376262623764636339663766316634316230633563376232326665
32363763623165643965343937653439376639363135336237313665653566636338383738643737
34343131373236623235313138376235623339646532356461333464643636643665383564663336
62333735383362313331616331353739636665643335356663303866613937653635376531366163
36643830363934303231663533323063396137323663633131386335393338613565376163303036
66646465616461366564343466636633623364636435346264333661326561633033356438653030
66633132313530386236663165353537646262303338356639636637636330613164356237643637
30323034623533646263623032343437616230656433653161643363383630353933376638313837
62306437653863633834636636363637366666313966643936353232643136353866663962613061
31343336323461386364326535303738343165653062306665653366393038353137313566383366
30626531336563376264366137653639613739643833646435313465333136613636343030653736
65386333633637613630613237623565373663313535613365323735623535346434646431316563
38366232336331343630376132396139363732356434393434626264393135633733623932363362
66616535303964633137396366626632396439363936313931656462653131383339373862626565
63646265373738306235356663343061343532336630323430626135353465643832623765653930
65336236373432633135636663666437636232363161636562343162613839663061643661313663
33393538653033343730633163393863386131656533643665393930346235343761653739643766
61316134373664373638316563323661383362633731616261333965353134346334303733363638
65373839303534323233663135663361383733396632663261323334313063623537326336666566
38643466303038633837633934393766313935613234623332386664303938383731363634306431
62323536646631626661663038623662313638653566356533663365333638656465343339356134
31626663376633633534653339616438303834613661666462653630333832656365613033363463
32616365376435376231303161393231643165386461366366393036373565643832623764663437
36383832626665313639
